  0.000000000000000E+000  0.000000000000000E+000
  0.930000000000000        15.6351325428895     
   1.86000000000000        31.2698233476599     
   2.79000000000000        46.9036346379689     
   3.72000000000000        62.5361266565857     
   4.65000000000000        78.1668576653911     
   5.58000000000000        93.7953898880430     
   6.51000000000000        109.421287529087     
   7.44000000000000        125.044110831294     
   8.37000000000000        140.663425980096     
   9.30000000000000        156.278797180041     
   10.2300000000000        171.889792597452     
   11.1600000000000        187.495978417762     
   12.0900000000000        203.096926769072     
   13.0200000000000        218.692209779482     
   13.9500000000000        234.281397596204     
   14.8800000000000        249.864066309113     
   15.8100000000000        265.439793988974     
   16.7400000000000        281.008158706554     
   17.6700000000000        296.568738532617     
   18.6000000000000        312.121117480594     
   19.5300000000000        327.664879563915     
   20.4600000000000        343.199606815121     
   21.3900000000000        358.724887209421     
   22.3200000000000        374.240308722021     
   23.2500000000000        389.745459328129     
   24.1800000000000        405.239925022063     
   25.1100000000000        420.723297740808     
   26.0400000000000        436.195165459570     
   26.9700000000000        451.655116153558     
   27.9000000000000        467.102735817090     
   28.8300000000000        482.537612425373     
   29.7600000000000        497.959326030060     
   30.6900000000000        513.367458663695     
   31.6200000000000        528.761586416152     
   32.5500000000000        544.141279434645     
   33.4800000000000        559.506105885495     
   34.4100000000000        574.855624030584     
   35.3400000000000        590.189382227350     
   36.2700000000000        605.506924871456     
   37.2000000000000        620.807782492343     
   38.1300000000000        636.091473734125     
   39.0600000000000        651.357501393807     
   39.9900000000000        666.605358363950     
   40.9200000000000        681.834509804680     
   41.8500000000000        697.044410971680     
   42.7800000000000        712.234487407305     
   43.7100000000000        727.404142864140     
   44.6400000000000        742.552751381442     
   45.5700000000000        757.679659266029     
   46.5000000000000        772.784171226064     
   47.4300000000000        787.865562256383     
   48.3600000000000        802.923061791388     
   49.2900000000000        817.955851724158     
   50.2200000000000        832.963066406452     
   51.1500000000000        847.943784725150     
   52.0800000000000        862.897024159593     
   53.0100000000000        877.821736819804     
   53.9400000000000        892.716803503822     
   54.8700000000000        907.581027755035     
   55.8000000000000        922.413123976857     
   56.7300000000000        937.211721394495     
   57.6600000000000        951.975348207848     
   58.5900000000000        966.702419706175     
   59.5200000000000        981.391242229872     
   60.4500000000000        996.039993361585     
   61.3800000000000        1010.64671796444     
   62.3100000000000        1025.20931629670     
   63.2400000000000        1039.72553212645     
   64.1700000000000        1054.19294480803     
   65.1000000000000        1068.60895541583     
   66.0300000000000        1082.97077882071     
   66.9600000000000        1097.27542784294     
   67.8900000000000        1111.51970136681     
   68.8200000000000        1125.70017245534     
   69.7500000000000        1139.81317646496     
   70.6800000000000        1153.85479916011     
   71.6100000000000        1167.82086086623     
   72.5400000000000        1181.70690656524     
   73.4700000000000        1195.50819202937     
   74.4000000000000        1209.21967985933     
   75.3300000000000        1222.83601967550     
   76.2600000000000        1236.35154415608     
   77.1900000000000        1249.76026309447     
   78.1200000000000        1263.05585547570     
   79.0500000000000        1276.23166749554     
   79.9800000000000        1289.28071057964     
   80.9100000000000        1302.19566534524     
   81.8400000000000        1314.96888556302     
   82.7700000000000        1327.59241202329     
   83.7000000000000        1340.05797451686     
   84.6300000000000        1352.35702352929     
   85.5600000000000        1364.48074410707     
   86.4900000000000        1376.42008755187     
   87.4200000000000        1388.16579717207     
   88.3500000000000        1399.70845582410     
   89.2800000000000        1411.03851562574     
   90.2100000000000        1422.14635540189  
